SCHLICK 3 800 800 1379.89 15.977
SCHLICK 5 800 800 1686.13 20.558
SCHLICK 7 800 800 2033 25.773
SCHLICK 9 800 800 2550.13 37.573
SCHLICK 11 800 800 2911.7 44.193
FRENEL 3 800 800 1361.92 28.662
FRENEL 5 800 800 1712.03 40.24
FRENEL 7 800 800 2064.61 51.64
FRENEL 9 800 800 2605.47 97.394
FRENEL 11 800 800 2972.34 119.89
Spectr 7 800 800 2258.97
Spectr 9 800 800 2880.86
RGB 7 800 800 27.453
RGB 9 800 800 34.875
FRENEL 7 50 50 118.813 72.186
FRENEL 7 50 50 116.688 70.932
FRENEL 7 400 400 3.891 0.295
FRENEL 7 400 400 3.922 0.172
FRENEL 7 400 400 3.843 0.204
FRENEL 7 400 400 5.703 0.358
FRENEL 7 400 400 5.25 0.341
FRENEL 7 400 400 1.594 0.093
RGB 3 400 400 5
Spectr 3 200 200 182.062
Spectr 9 800 800 9465.39
RGB 9 800 800 124.875
FRENEL 9 800 800 5242.17 261.031
FRENEL 9 800 800 5184.55 259.583
SCHLICK 9 800 800 5637.56 111.668
RGB 3 800 800 0.859
RGB 3 800 800 0.672
RGB 9 800 800 168.921
RGB 9 400 400 26.766
RGB 3 400 400 8.922
RGB 3 400 400 7.281
RGB 3 400 400 5.64
RGB 3 400 400 58.516
RGB 3 400 400 48.25
RGB 3 400 400 50.125
RGB 9 400 400 86.719
Spectr 5 200 200 351.125
RGB 3 200 200 5.813
RGB 3 200 200 5.922
RGB 3 200 200 5.844
RGB 3 200 200 8.047
RGB 3 200 200 7.687
RGB 3 400 400 24.75
RGB 5 400 400 23.719
Spectr 5 400 400 1832.81
RGB 3 400 400 23.797
RGB 3 400 400 23.796
RGB 3 400 400 23.265
RGB 3 400 400 23.625
RGB 5 400 400 22.203
RGB 3 400 400 11.516
RGB 3 400 400 11.344
RGB 3 400 400 11.36
RGB 3 400 400 23.782
RGB 5 400 400 25.094
RGB 5 400 400 28.578
RGB 5 400 400 9.203
RGB 5 400 400 13.781
RGB 3 400 400 11.359
RGB 3 400 400 23.281
RGB 5 400 400 23.125
FRENEL 5 200 200 906.5 7.733
RGB 3 200 200 9.859
RGB 3 400 400 38.61
RGB 5 400 400 21.781
RGB 5 400 400 18.625
Spectr 5 200 200 380.078
RGB 3 400 400 12.234
RGB 3 400 400 8.734
RGB 3 400 400 11.828
RGB 3 400 400 23.89
RGB 5 400 400 22.204
Spectr 5 200 200 450.797
Spectr 5 400 400 1808.66
RGB 3 400 400 11.39
Spectr 5 400 400 1855.14
Spectr 5 400 400 2036.36
RGB 3 400 400 23.531
Spectr 3 100 100 55.828
SCHLICK 3 100 100 51.938 0.267
FRENEL 5 400 400 1653.69 11.882
RGB 9 400 400 92.422
RGB 9 400 400 70.609
RGB 9 400 400 93.125
Spectr 9 400 400 3424.31
Spectr 9 400 400 2883.88
Spectr 9 400 400 3362.63
SCHLICK 9 400 400 2542.59 12.609
FRENEL 9 400 400 2634.03 31.671
RGB 3 400 400 0.547
RGB 3 400 400 0.219
RGB 2 400 400 0.094
FRENEL 3 100 100 34.593 1.017
FRENEL 5 100 100 29.453 0.827
RGB 3 400 400 0.188
RGB 3 400 400 28.64
RGB 3 400 400 0.218
RGB 3 100 100 0.437
Spectr 3 100 100 37.703
Spectr 5 100 100 35.39
FRENEL 5 100 100 29.141 0.925
SCHLICK 5 100 100 31.594 0.596
SCHLICK 3 100 100 34.766 0.674
RGB 3 100 100 0.359
RGB 3 100 100 0.109
RGB 3 100 100 0.141
RGB 5 100 100 0.094
RGB 5 400 400 0.89
RGB 3 100 100 0.454
FRENEL 3 100 100 9.344 1.608
Spectr 3 100 100 7
FRENEL 3 100 100 6.969 1.044
SCHLICK 3 100 100 6.266 0.437
FRENEL 3 400 400 110.907 16.589
RGB 3 400 400 0.828
RGB 3 400 400 2.75
RGB 5 400 400 2.078
RGB 3 400 400 1.109
RGB 3 400 400 3.141
RGB 5 400 400 2.453
Spectr 5 400 400 193.172
Spectr 3 400 400 267.375
Spectr 3 400 400 222.062
Spectr 3 400 400 89.219
Spectr 3 400 400 90.078
Spectr 3 400 400 11.828
Spectr 3 400 400 138.672
Spectr 3 400 400 219.625
FRENEL 3 400 400 259.609 19.588
SCHLICK 3 400 400 247.922 9.864
RGB 3 400 400 0.265HEIGHTRGB 3 400 400 0.265HEIGHTRGB 3 400 400 1.093HEIGHTRGB 3 400 400 1.063HEIGHTSpectr 3 400 400 12.219HEIGHTSpectr 3 400 400 93.781HEIGHTSpectr 3 400 400 96.75HEIGHTSpectr 5 400 400 96.797HEIGHTFRENEL 5 400 400 86.297 10.923HEIGHTFRENEL 5 400 400 82.937 10.589HEIGHTRGB 9 400 400 3.157HEIGHTRGB 9 400 400 1.812HEIGHTRGB 9 400 400 3.39HEIGHTSpectr 9 400 400 257.453HEIGHTSpectr 9 400 400 151.735HEIGHTSpectr 9 400 400 256.14HEIGHTSCHLICK 9 400 400 132.484 9.865HEIGHTFRENEL 9 400 400 154.766 29.435HEIGHTRGB 3 400 400 0.906HEIGHTRGB 3 400 400 0.937HEIGHTRGB 3 400 400 0.938HEIGHTRGB 3 400 400 9.812HEIGHTRGB 3 400 400 5.907HEIGHTRGB 3 400 400 6.063HEIGHTRGB 3 400 400 5.937HEIGHTRGB 3 400 400 5.921HEIGHTRGB 3 400 400 6.047HEIGHTRGB 3 400 400 1.39HEIGHTRGB 3 400 400 1.297HEIGHTRGB 3 400 400 1.312HEIGHTRGB 3 400 400 6.172HEIGHTSpectr 5 400 400 133.422HEIGHTSpectr 3 400 400 86.094HEIGHTSpectr 3 400 400 88.687HEIGHTSpectr 3 200 200 24.187HEIGHTFRENEL 3 200 200 29.546 4.636HEIGHTFRENEL 3 200 200 28.984 3.806HEIGHTSCHLICK 3 200 200 30.406 2.417HEIGHTFRENEL 3 200 200 26.672 4.168HEIGHTRGB 3 200 200 0.312HEIGHTRGB 3 200 200 0.281HEIGHTSpectr 3 200 200 28.547HEIGHTSpectr 3 200 200 25.625HEIGHTSpectr 3 200 200 22.157HEIGHTSpectr 5 200 200 20.125HEIGHTFRENEL 5 200 200 20.344 2.746HEIGHTSpectr 5 200 200 19.406HEIGHTSpectr 5 200 200 35.859HEIGHTFRENEL 3 200 200 24.531 3.686HEIGHTFRENEL 5 200 200 18.812 2.351HEIGHTFRENEL 5 200 200 20.188 2.553HEIGHTFRENEL 5 200 200 20.047 2.479HEIGHTFRENEL 5 200 200 19.234 2.384HEIGHTFRENEL 5 400 400 89.328 11.895HEIGHTRGB 5 400 400 0.906HEIGHTSpectr 5 400 400 129.453HEIGHTRGB 5 400 400 0.922HEIGHTSpectr 5 400 400 117.406HEIGHTSCHLICK 5 400 400 70.687 4.996HEIGHTFRENEL 5 400 400 78.61 9.931HEIGHTFRENEL 5 800 800 310.203 39.289HEIGHTSCHLICK 5 800 800 283.25 20.402HEIGHTSpectr 5 800 800 523.703HEIGHTRGB 3 800 800 7.547HEIGHTRGB 5 800 800 6.906HEIGHTRGB 3 800 800 7.516HEIGHTRGB 5 800 800 6.75HEIGHTRGB 3 800 800 6.875HEIGHTRGB 3 800 800 4.703HEIGHTRGB 3 800 800 5.656HEIGHTRGB 3 800 800 7.265HEIGHTRGB 5 800 800 7.141HEIGHTRGB 5 800 800 6.297HEIGHTRGB 5 800 800 6.031HEIGHTRGB 5 800 800 7.672HEIGHTRGB 5 800 800 7.032HEIGHTRGB 5 800 800 6.219HEIGHTRGB 5 800 800 6.406HEIGHTRGB 5 800 800 6.562HEIGHTRGB 5 800 800 6.359HEIGHTRGB 5 800 800 6.641HEIGHTFRENEL 5 400 400 63.89 6.96HEIGHTFRENEL 5 400 400 65.281 8.167HEIGHTFRENEL 5 400 400 73.75 11.469HEIGHTFRENEL 5 400 400 69.921 10.084HEIGHTSpectr 5 400 400 122.484HEIGHTSCHLICK 5 400 400 66.765 5.973HEIGHTFRENEL 5 400 400 83.906 12.791HEIGHTFRENEL 5 400 400 89.547 14.302HEIGHTFRENEL 5 400 400 68.094 8.978HEIGHTSpectr 5 800 800 547.938HEIGHTSpectr 5 800 800 528.891HEIGHTFRENEL 5 800 800 333.484 41.492HEIGHTSCHLICK 5 800 800 299.438 22.482HEIGHTRGB 5 800 800 6.578HEIGHTRGB 3 400 400 7.672HEIGHTRGB 3 400 400 6.922HEIGHTRGB 3 400 400 5.906HEIGHTRGB 3 400 400 6.875HEIGHTRGB 3 400 400 7.062HEIGHTRGB 3 400 400 7HEIGHTRGB 3 400 400 4.656HEIGHTRGB 3 400 400 6.032HEIGHTRGB 3 400 400 6.703HEIGHTRGB 3 400 400 24.484HEIGHTRGB 3 400 400 22.781HEIGHTRGB 3 400 400 23.547HEIGHTRGB 3 400 400 21.172HEIGHTRGB 3 400 400 23HEIGHTRGB 3 400 400 21.719HEIGHTRGB 3 400 400 23.422HEIGHTRGB 3 400 400 20.203HEIGHTRGB 3 400 400 6.547HEIGHTRGB 3 400 400 6.453HEIGHTRGB 3 400 400 6.078HEIGHTRGB 3 400 400 6.578HEIGHTRGB 5 400 400 7.578HEIGHTRGB 5 400 400 6.062HEIGHTRGB 3 400 400 0.921HEIGHTRGB 3 800 800 25.844HEIGHTRGB 3 800 800 27.359HEIGHTRGB 3 800 800 28.422HEIGHTRGB 3 800 800 26.984HEIGHTRGB 3 800 800 26.703HEIGHTRGB 3 800 800 29.219HEIGHTRGB 3 800 800 28.531HEIGHTRGB 3 800 800 26.406HEIGHTRGB 3 800 800 27.266HEIGHTRGB 3 800 800 27.109HEIGHTRGB 3 800 800 27.907HEIGHTRGB 3 400 400 1.015HEIGHTRGB 3 400 400 0.765HEIGHTRGB 3 400 400 1HEIGHTRGB 3 400 400 0.969HEIGHTRGB 3 400 400 1HEIGHTRGB 3 400 400 1.078HEIGHTRGB 3 400 400 1.047HEIGHTSpectr 3 400 400 106.938HEIGHTSpectr 5 400 400 84.406HEIGHTRGB 5 400 400 0.922HEIGHTRGB 3 400 400 1.062HEIGHTSCHLICK 3 400 400 100.984 8.132HEIGHTFRENEL 3 400 400 109.625 16.095HEIGHTFRENEL 5 400 400 96.625 12.304HEIGHTSCHLICK 5 400 400 81.36 6.377HEIGHTRGB 5 400 400 0.984HEIGHTRGB 5 400 400 1.907HEIGHTRGB 5 400 400 1.766HEIGHTSCHLICK 5 400 400 77 5.536HEIGHTSCHLICK 5 400 400 78.594 5.948HEIGHTFRENEL 5 400 400 80.203 10.669HEIGHTSpectr 5 400 400 138.735HEIGHTSpectr 5 400 400 129.657HEIGHTSpectr 5 400 400 86.531HEIGHTSpectr 5 400 400 133.125HEIGHTSpectr 5 400 400 79.593HEIGHTFRENEL 5 400 400 86.453 11.002HEIGHTSCHLICK 5 400 400 75.375 5.672HEIGHT