1,124,189
1,124,189
1,124,189
1,124,189
1,124,189
1,124,189
1,124,189
1,124,189
1,124,189
1,124,189
1,124,189
1,124,189
1,124,189
1,124,189
1,124,189
1,124,189
1,124,189
1,124,189
1,124,189
1,124,189
1,124,189
1,124,189
1,124,189
1,124,189
1,124,189
1,124,189
1,124,189
1,124,189
1,124,189
1,124,189
1,124,189
1,124,189
1,124,189
1,124,189
1,124,189
1,124,189
1,124,189
1,124,189
1,124,189
1,124,189
1,124,189
1,124,189
1,124,189
1,124,189
1,124,189
1,124,189
1,124,189
1,124,189
1,124,189
1,124,189
1,124,189
1,124,189
1,124,189
1,124,189
1,124,189
1,124,189
1,124,189
1,124,189
1,124,189
1,124,189
1,124,189
1,124,189
1,124,189
1,124,189
1,124,189
1,124,189
1,124,189
1,124,189
1,124,189
1,124,189
1,124,189
1,124,189
1,124,189
1,124,189
1,124,189
1,124,189
1,124,189
1,124,189
1,124,189
1,124,189
1,124,189
